   2.2191067e-03  -1.8939765e-03  -3.3251302e-03
   2.2225445e-03  -1.8870839e-03  -3.3354607e-03
   2.2259785e-03  -1.8801705e-03  -3.3458081e-03
   2.2294084e-03  -1.8732362e-03  -3.3561722e-03
   2.2328337e-03  -1.8662810e-03  -3.3665527e-03
   2.2362543e-03  -1.8593048e-03  -3.3769495e-03
   2.2396698e-03  -1.8523076e-03  -3.3873621e-03
   2.2430799e-03  -1.8452893e-03  -3.3977905e-03
   2.2464842e-03  -1.8382498e-03  -3.4082344e-03
   2.2498825e-03  -1.8311891e-03  -3.4186934e-03
   2.2532744e-03  -1.8241071e-03  -3.4291673e-03
   2.2566596e-03  -1.8170038e-03  -3.4396559e-03
   2.2600378e-03  -1.8098790e-03  -3.4501588e-03
   2.2634086e-03  -1.8027328e-03  -3.4606758e-03
   2.2667716e-03  -1.7955650e-03  -3.4712066e-03
   2.2701267e-03  -1.7883757e-03  -3.4817509e-03
   2.2734733e-03  -1.7811648e-03  -3.4923085e-03
   2.2768111e-03  -1.7739322e-03  -3.5028789e-03
   2.2801399e-03  -1.7666779e-03  -3.5134620e-03
   2.2834592e-03  -1.7594019e-03  -3.5240573e-03
   2.2867687e-03  -1.7521040e-03  -3.5346647e-03
   2.2900680e-03  -1.7447843e-03  -3.5452837e-03
   2.2933567e-03  -1.7374427e-03  -3.5559141e-03
   2.2966346e-03  -1.7300791e-03  -3.5665555e-03
   2.2999011e-03  -1.7226936e-03  -3.5772075e-03
   2.3031560e-03  -1.7152861e-03  -3.5878699e-03
   2.3063989e-03  -1.7078566e-03  -3.5985424e-03
   2.3096294e-03  -1.7004049e-03  -3.6092245e-03
   2.3128471e-03  -1.6929312e-03  -3.6199159e-03
   2.3160516e-03  -1.6854354e-03  -3.6306162e-03
   2.3192425e-03  -1.6779173e-03  -3.6413251e-03
   2.3224194e-03  -1.6703771e-03  -3.6520423e-03
   2.3255820e-03  -1.6628147e-03  -3.6627673e-03
   2.3287299e-03  -1.6552301e-03  -3.6734998e-03
   2.3318626e-03  -1.6476232e-03  -3.6842394e-03
   2.3349797e-03  -1.6399940e-03  -3.6949857e-03
   2.3380809e-03  -1.6323426e-03  -3.7057383e-03
   2.3411656e-03  -1.6246689e-03  -3.7164968e-03
   2.3442336e-03  -1.6169728e-03  -3.7272608e-03
   2.3472844e-03  -1.6092544e-03  -3.7380300e-03
   2.3503176e-03  -1.6015137e-03  -3.7488039e-03
   2.3533327e-03  -1.5937506e-03  -3.7595821e-03
   2.3563293e-03  -1.5859652e-03  -3.7703641e-03
   2.3593071e-03  -1.5781575e-03  -3.7811496e-03
   2.3622655e-03  -1.5703274e-03  -3.7919381e-03
   2.3652042e-03  -1.5624750e-03  -3.8027292e-03
   2.3681226e-03  -1.5546002e-03  -3.8135225e-03
   2.3710205e-03  -1.5467031e-03  -3.8243174e-03
   2.3738973e-03  -1.5387836e-03  -3.8351136e-03
   2.3767525e-03  -1.5308419e-03  -3.8459107e-03
   2.3795858e-03  -1.5228778e-03  -3.8567080e-03
   2.3823967e-03  -1.5148915e-03  -3.8675053e-03
   2.3851848e-03  -1.5068828e-03  -3.8783019e-03
   2.3879495e-03  -1.4988520e-03  -3.8890975e-03
   2.3906905e-03  -1.4907989e-03  -3.8998916e-03
   2.3934073e-03  -1.4827236e-03  -3.9106837e-03
   2.3960994e-03  -1.4746261e-03  -3.9214733e-03
   2.3987663e-03  -1.4665065e-03  -3.9322599e-03
   2.4014077e-03  -1.4583647e-03  -3.9430430e-03
   2.4040230e-03  -1.4502009e-03  -3.9538222e-03
   2.4066118e-03  -1.4420150e-03  -3.9645968e-03
   2.4091736e-03  -1.4338071e-03  -3.9753665e-03
   2.4117079e-03  -1.4255772e-03  -3.9861307e-03
   2.4142143e-03  -1.4173254e-03  -3.9968889e-03
   2.4166923e-03  -1.4090517e-03  -4.0076406e-03
   2.4191413e-03  -1.4007562e-03  -4.0183852e-03
   2.4215611e-03  -1.3924389e-03  -4.0291222e-03
   2.4239509e-03  -1.3840999e-03  -4.0398511e-03
   2.4263105e-03  -1.3757391e-03  -4.0505713e-03
   2.4286392e-03  -1.3673568e-03  -4.0612824e-03
   2.4309367e-03  -1.3589529e-03  -4.0719838e-03
   2.4332024e-03  -1.3505276e-03  -4.0826748e-03
   2.4354358e-03  -1.3420808e-03  -4.0933551e-03
   2.4376365e-03  -1.3336126e-03  -4.1040239e-03
   2.4398040e-03  -1.3251232e-03  -4.1146808e-03
   2.4419377e-03  -1.3166125e-03  -4.1253252e-03
   2.4440373e-03  -1.3080807e-03  -4.1359565e-03
   2.4461021e-03  -1.2995279e-03  -4.1465742e-03
   2.4481318e-03  -1.2909541e-03  -4.1571777e-03
   2.4501258e-03  -1.2823594e-03  -4.1677664e-03
   2.4520836e-03  -1.2737439e-03  -4.1783397e-03
   2.4540047e-03  -1.2651077e-03  -4.1888971e-03
   2.4558887e-03  -1.2564508e-03  -4.1994379e-03
   2.4577351e-03  -1.2477735e-03  -4.2099616e-03
   2.4595433e-03  -1.2390757e-03  -4.2204676e-03
   2.4613128e-03  -1.2303576e-03  -4.2309552e-03
   2.4630433e-03  -1.2216193e-03  -4.2414240e-03
   2.4647341e-03  -1.2128609e-03  -4.2518733e-03
   2.4663849e-03  -1.2040824e-03  -4.2623024e-03
   2.4679950e-03  -1.1952841e-03  -4.2727109e-03
   2.4695640e-03  -1.1864660e-03  -4.2830980e-03
   2.4710914e-03  -1.1776283e-03  -4.2934631e-03
   2.4725768e-03  -1.1687710e-03  -4.3038058e-03
   2.4740196e-03  -1.1598944e-03  -4.3141252e-03
   2.4754193e-03  -1.1509984e-03  -4.3244210e-03
   2.4767755e-03  -1.1420833e-03  -4.3346923e-03
   2.4780877e-03  -1.1331492e-03  -4.3449386e-03
   2.4793554e-03  -1.1241961e-03  -4.3551592e-03
   2.4805780e-03  -1.1152244e-03  -4.3653536e-03
   2.4817552e-03  -1.1062340e-03  -4.3755212e-03
   2.4828864e-03  -1.0972252e-03  -4.3856612e-03
   2.4839711e-03  -1.0881981e-03  -4.3957730e-03
   2.4850089e-03  -1.0791528e-03  -4.4058562e-03
   2.4859993e-03  -1.0700894e-03  -4.4159099e-03
   2.4869419e-03  -1.0610083e-03  -4.4259336e-03
   2.4878360e-03  -1.0519094e-03  -4.4359266e-03
   2.4886814e-03  -1.0427930e-03  -4.4458884e-03
   2.4894774e-03  -1.0336593e-03  -4.4558182e-03
   2.4902237e-03  -1.0245083e-03  -4.4657155e-03
   2.4909198e-03  -1.0153403e-03  -4.4755795e-03
   2.4915652e-03  -1.0061554e-03  -4.4854098e-03
   2.4921595e-03  -9.9695388e-04  -4.4952056e-03
   2.4927021e-03  -9.8773582e-04  -4.5049663e-03
   2.4931927e-03  -9.7850145e-04  -4.5146912e-03
   2.4936308e-03  -9.6925093e-04  -4.5243799e-03
   2.4940159e-03  -9.5998446e-04  -4.5340315e-03
   2.4943477e-03  -9.5070223e-04  -4.5436454e-03
   2.4946256e-03  -9.4140443e-04  -4.5532212e-03
   2.4948492e-03  -9.3209125e-04  -4.5627580e-03
   2.4950182e-03  -9.2276290e-04  -4.5722553e-03
   2.4951320e-03  -9.1341957e-04  -4.5817124e-03
   2.4951903e-03  -9.0406148e-04  -4.5911288e-03
   2.4951926e-03  -8.9468882e-04  -4.6005037e-03
   2.4951385e-03  -8.8530180e-04  -4.6098367e-03
   2.4950275e-03  -8.7590064e-04  -4.6191269e-03
   2.4948594e-03  -8.6648556e-04  -4.6283739e-03
   2.4946337e-03  -8.5705677e-04  -4.6375769e-03
   2.4943499e-03  -8.4761449e-04  -4.6467354e-03
   2.4940078e-03  -8.3815894e-04  -4.6558488e-03
   2.4936068e-03  -8.2869035e-04  -4.6649165e-03
   2.4931467e-03  -8.1920895e-04  -4.6739377e-03
   2.4926270e-03  -8.0971497e-04  -4.6829120e-03
   2.4920473e-03  -8.0020864e-04  -4.6918387e-03
   2.4914074e-03  -7.9069020e-04  -4.7007172e-03
   2.4907068e-03  -7.8115988e-04  -4.7095469e-03
   2.4899451e-03  -7.7161794e-04  -4.7183272e-03
   2.4891221e-03  -7.6206461e-04  -4.7270575e-03
   2.4882374e-03  -7.5250013e-04  -4.7357372e-03
   2.4872906e-03  -7.4292476e-04  -4.7443658e-03
   2.4862814e-03  -7.3333875e-04  -4.7529426e-03
   2.4852095e-03  -7.2374235e-04  -4.7614671e-03
   2.4840745e-03  -7.1413582e-04  -4.7699387e-03
   2.4828762e-03  -7.0451941e-04  -4.7783568e-03
   2.4816142e-03  -6.9489338e-04  -4.7867208e-03
   2.4802883e-03  -6.8525801e-04  -4.7950303e-03
   2.4788981e-03  -6.7561354e-04  -4.8032845e-03
   2.4774433e-03  -6.6596026e-04  -4.8114830e-03
   2.4759237e-03  -6.5629842e-04  -4.8196253e-03
   2.4743390e-03  -6.4662831e-04  -4.8277107e-03
   2.4726889e-03  -6.3695019e-04  -4.8357387e-03
   2.4709732e-03  -6.2726434e-04  -4.8437089e-03
   2.4691916e-03  -6.1757103e-04  -4.8516206e-03
   2.4673439e-03  -6.0787056e-04  -4.8594733e-03
   2.4654298e-03  -5.9816319e-04  -4.8672666e-03
   2.4634491e-03  -5.8844922e-04  -4.8749998e-03
   2.4614015e-03  -5.7872892e-04  -4.8826726e-03
   2.4592870e-03  -5.6900259e-04  -4.8902844e-03
   2.4571052e-03  -5.5927051e-04  -4.8978347e-03
   2.4548560e-03  -5.4953298e-04  -4.9053230e-03
   2.4525391e-03  -5.3979029e-04  -4.9127488e-03
   2.4501544e-03  -5.3004273e-04  -4.9201117e-03
   2.4477018e-03  -5.2029060e-04  -4.9274112e-03
   2.4451810e-03  -5.1053420e-04  -4.9346468e-03
   2.4425919e-03  -5.0077382e-04  -4.9418180e-03
   2.4399343e-03  -4.9100977e-04  -4.9489245e-03
   2.4372081e-03  -4.8124235e-04  -4.9559658e-03
   2.4344132e-03  -4.7147186e-04  -4.9629414e-03
   2.4315495e-03  -4.6169861e-04  -4.9698509e-03
   2.4286168e-03  -4.5192291e-04  -4.9766939e-03
   2.4256150e-03  -4.4214505e-04  -4.9834700e-03
   2.4225441e-03  -4.3236536e-04  -4.9901787e-03
   2.4194039e-03  -4.2258414e-04  -4.9968197e-03
   2.4161943e-03  -4.1280171e-04  -5.0033926e-03
   2.4129154e-03  -4.0301837e-04  -5.0098970e-03
   2.4095670e-03  -3.9323444e-04  -5.0163326e-03
   2.4061491e-03  -3.8345023e-04  -5.0226989e-03
   2.4026616e-03  -3.7366607e-04  -5.0289956e-03
   2.3991046e-03  -3.6388226e-04  -5.0352223e-03
   2.3954779e-03  -3.5409913e-04  -5.0413788e-03
   2.3917816e-03  -3.4431698e-04  -5.0474646e-03
   2.3880157e-03  -3.3453615e-04  -5.0534795e-03
   2.3841801e-03  -3.2475695e-04  -5.0594232e-03
   2.3802750e-03  -3.1497970e-04  -5.0652953e-03
   2.3763002e-03  -3.0520473e-04  -5.0710955e-03
   2.3722559e-03  -2.9543234e-04  -5.0768235e-03
   2.3681420e-03  -2.8566288e-04  -5.0824792e-03
   2.3639587e-03  -2.7589665e-04  -5.0880621e-03
   2.3597060e-03  -2.6613398e-04  -5.0935720e-03
   2.3553840e-03  -2.5637520e-04  -5.0990088e-03
   2.3509927e-03  -2.4662063e-04  -5.1043720e-03
   2.3465322e-03  -2.3687059e-04  -5.1096616e-03
   2.3420026e-03  -2.2712541e-04  -5.1148772e-03
   2.3374041e-03  -2.1738541e-04  -5.1200187e-03
   2.3327368e-03  -2.0765091e-04  -5.1250858e-03
   2.3280007e-03  -1.9792225e-04  -5.1300784e-03
   2.3231960e-03  -1.8819974e-04  -5.1349963e-03
   2.3183229e-03  -1.7848370e-04  -5.1398392e-03
   2.3133815e-03  -1.6877447e-04  -5.1446070e-03
   2.3083720e-03  -1.5907237e-04  -5.1492996e-03
   2.3032946e-03  -1.4937772e-04  -5.1539168e-03
   2.2981493e-03  -1.3969084e-04  -5.1584585e-03
   2.2929365e-03  -1.3001206e-04  -5.1629245e-03
   2.2876564e-03  -1.2034170e-04  -5.1673147e-03
   2.2823091e-03  -1.1068008e-04  -5.1716290e-03
   2.2768948e-03  -1.0102753e-04  -5.1758673e-03
   2.2714138e-03  -9.1384360e-05  -5.1800294e-03
   2.2658663e-03  -8.1750899e-05  -5.1841154e-03
   2.2602526e-03  -7.2127465e-05  -5.1881252e-03
   2.2545730e-03  -6.2514378e-05  -5.1920586e-03
   2.2488276e-03  -5.2911955e-05  -5.1959156e-03
   2.2430168e-03  -4.3320515e-05  -5.1996963e-03
   2.2371408e-03  -3.3740376e-05  -5.2034004e-03
   2.2312000e-03  -2.4171853e-05  -5.2070281e-03
   2.2251946e-03  -1.4615261e-05  -5.2105793e-03
   2.2191249e-03  -5.0709144e-06  -5.2140540e-03
   2.2129913e-03   4.4608730e-06  -5.2174522e-03
   2.2067941e-03   1.3979789e-05  -5.2207738e-03
   2.2005335e-03   2.3485524e-05  -5.2240191e-03
   2.1942101e-03   3.2977767e-05  -5.2271878e-03
   2.1878240e-03   4.2456209e-05  -5.2302802e-03
   2.1813757e-03   5.1920544e-05  -5.2332963e-03
   2.1748656e-03   6.1370466e-05  -5.2362360e-03
   2.1682939e-03   7.0805670e-05  -5.2390996e-03
   2.1616611e-03   8.0225853e-05  -5.2418870e-03
   2.1549676e-03   8.9630713e-05  -5.2445983e-03
   2.1482137e-03   9.9019951e-05  -5.2472337e-03
   2.1414000e-03   1.0839327e-04  -5.2497932e-03
   2.1345267e-03   1.1775037e-04  -5.2522770e-03
   2.1275943e-03   1.2709095e-04  -5.2546852e-03
   2.1206032e-03   1.3641473e-04  -5.2570179e-03
   2.1135539e-03   1.4572140e-04  -5.2592753e-03
   2.1064468e-03   1.5501069e-04  -5.2614575e-03
   2.0992823e-03   1.6428230e-04  -5.2635646e-03
   2.0920609e-03   1.7353595e-04  -5.2655969e-03
   2.0847831e-03   1.8277135e-04  -5.2675544e-03
   2.0774493e-03   1.9198822e-04  -5.2694375e-03
   2.0700600e-03   2.0118627e-04  -5.2712463e-03
   2.0626157e-03   2.1036524e-04  -5.2729809e-03
   2.0551168e-03   2.1952483e-04  -5.2746417e-03
   2.0475639e-03   2.2866479e-04  -5.2762287e-03
   2.0399575e-03   2.3778483e-04  -5.2777423e-03
   2.0322980e-03   2.4688469e-04  -5.2791827e-03
   2.0245860e-03   2.5596409e-04  -5.2805501e-03
   2.0168219e-03   2.6502278e-04  -5.2818447e-03
   2.0090064e-03   2.7406048e-04  -5.2830669e-03
   2.0011399e-03   2.8307694e-04  -5.2842168e-03
   1.9932229e-03   2.9207190e-04  -5.2852948e-03
   1.9852560e-03   3.0104510e-04  -5.2863011e-03
   1.9772398e-03   3.0999628e-04  -5.2872360e-03
   1.9691747e-03   3.1892520e-04  -5.2880999e-03
   1.9610613e-03   3.2783160e-04  -5.2888929e-03
   1.9529003e-03   3.3671524e-04  -5.2896155e-03
   1.9446920e-03   3.4557588e-04  -5.2902679e-03
   1.9364372e-03   3.5441326e-04  -5.2908504e-03
   1.9281363e-03   3.6322716e-04  -5.2913635e-03
   1.9197900e-03   3.7201733e-04  -5.2918073e-03
   1.9113988e-03   3.8078354e-04  -5.2921823e-03
   1.9029632e-03   3.8952555e-04  -5.2924888e-03
   1.8944840e-03   3.9824315e-04  -5.2927271e-03
   1.8859616e-03   4.0693610e-04  -5.2928977e-03
   1.8773966e-03   4.1560418e-04  -5.2930008e-03
   1.8687897e-03   4.2424716e-04  -5.2930368e-03
   1.8601414e-03   4.3286483e-04  -5.2930062e-03
   1.8514523e-03   4.4145698e-04  -5.2929093e-03
   1.8427231e-03   4.5002338e-04  -5.2927465e-03
   1.8339543e-03   4.5856383e-04  -5.2925181e-03
   1.8251465e-03   4.6707812e-04  -5.2922246e-03
   1.8163004e-03   4.7556605e-04  -5.2918664e-03
   1.8074165e-03   4.8402742e-04  -5.2914439e-03
   1.7984955e-03   4.9246202e-04  -5.2909575e-03
   1.7895379e-03   5.0086965e-04  -5.2904076e-03
   1.7805445e-03   5.0925013e-04  -5.2897946e-03
   1.7715157e-03   5.1760327e-04  -5.2891190e-03
   1.7624523e-03   5.2592887e-04  -5.2883812e-03
   1.7533548e-03   5.3422675e-04  -5.2875816e-03
   1.7442239e-03   5.4249673e-04  -5.2867207e-03
   1.7350602e-03   5.5073863e-04  -5.2857988e-03
   1.7258643e-03   5.5895227e-04  -5.2848166e-03
   1.7166368e-03   5.6713748e-04  -5.2837743e-03
   1.7073784e-03   5.7529409e-04  -5.2826725e-03
   1.6980896e-03   5.8342192e-04  -5.2815116e-03
   1.6887712e-03   5.9152082e-04  -5.2802920e-03
   1.6794237e-03   5.9959063e-04  -5.2790143e-03
   1.6700477e-03   6.0763117e-04  -5.2776789e-03
   1.6606440e-03   6.1564230e-04  -5.2762863e-03
   1.6512130e-03   6.2362387e-04  -5.2748369e-03
   1.6417555e-03   6.3157572e-04  -5.2733312e-03
   1.6322720e-03   6.3949770e-04  -5.2717697e-03
   1.6227632e-03   6.4738967e-04  -5.2701529e-03
   1.6132297e-03   6.5525149e-04  -5.2684812e-03
   1.6036722e-03   6.6308302e-04  -5.2667552e-03
   1.5940912e-03   6.7088412e-04  -5.2649753e-03
   1.5844874e-03   6.7865466e-04  -5.2631420e-03
   1.5748613e-03   6.8639450e-04  -5.2612558e-03
   1.5652137e-03   6.9410353e-04  -5.2593172e-03
   1.5555451e-03   7.0178161e-04  -5.2573267e-03
   1.5458562e-03   7.0942863e-04  -5.2552848e-03
   1.5361475e-03   7.1704446e-04  -5.2531920e-03
   1.5264197e-03   7.2462899e-04  -5.2510487e-03
   1.5166734e-03   7.3218210e-04  -5.2488555e-03
   1.5069092e-03   7.3970369e-04  -5.2466129e-03
   1.4971277e-03   7.4719364e-04  -5.2443213e-03
   1.4873295e-03   7.5465186e-04  -5.2419814e-03
   1.4775152e-03   7.6207823e-04  -5.2395935e-03
   1.4676855e-03   7.6947266e-04  -5.2371582e-03
   1.4578409e-03   7.7683505e-04  -5.2346759e-03
   1.4479820e-03   7.8416531e-04  -5.2321473e-03
   1.4381094e-03   7.9146335e-04  -5.2295727e-03
   1.4282237e-03   7.9872907e-04  -5.2269528e-03
   1.4183255e-03   8.0596240e-04  -5.2242879e-03
   1.4084155e-03   8.1316324e-04  -5.2215787e-03
   1.3984940e-03   8.2033153e-04  -5.2188256e-03
   1.3885619e-03   8.2746717e-04  -5.2160290e-03
   1.3786196e-03   8.3457009e-04  -5.2131896e-03
   1.3686676e-03   8.4164023e-04  -5.2103079e-03
   1.3587067e-03   8.4867751e-04  -5.2073842e-03
   1.3487373e-03   8.5568186e-04  -5.2044192e-03
   1.3387601e-03   8.6265322e-04  -5.2014133e-03
   1.3287755e-03   8.6959153e-04  -5.1983670e-03
   1.3187841e-03   8.7649672e-04  -5.1952809e-03
   1.3087866e-03   8.8336875e-04  -5.1921553e-03
   1.2987834e-03   8.9020754e-04  -5.1889910e-03
   1.2887751e-03   8.9701306e-04  -5.1857882e-03
   1.2787623e-03   9.0378525e-04  -5.1825475e-03
   1.2687455e-03   9.1052407e-04  -5.1792695e-03
   1.2587251e-03   9.1722946e-04  -5.1759546e-03
   1.2487019e-03   9.2390139e-04  -5.1726033e-03
   1.2386762e-03   9.3053981e-04  -5.1692160e-03
   1.2286487e-03   9.3714469e-04  -5.1657934e-03
   1.2186198e-03   9.4371599e-04  -5.1623358e-03
   1.2085901e-03   9.5025368e-04  -5.1588438e-03
   1.1985601e-03   9.5675773e-04  -5.1553178e-03
   1.1885302e-03   9.6322811e-04  -5.1517583e-03
   1.1785011e-03   9.6966478e-04  -5.1481659e-03
   1.1684732e-03   9.7606774e-04  -5.1445409e-03
   1.1584469e-03   9.8243695e-04  -5.1408839e-03
   1.1484229e-03   9.8877239e-04  -5.1371953e-03
   1.1384015e-03   9.9507405e-04  -5.1334756e-03
   1.1283833e-03   1.0013419e-03  -5.1297252e-03
   1.1183688e-03   1.0075760e-03  -5.1259447e-03
   1.1083584e-03   1.0137762e-03  -5.1221346e-03
   1.0983526e-03   1.0199426e-03  -5.1182951e-03
   1.0883519e-03   1.0260751e-03  -5.1144270e-03
   1.0783567e-03   1.0321738e-03  -5.1105305e-03
   1.0683675e-03   1.0382387e-03  -5.1066061e-03
   1.0583847e-03   1.0442697e-03  -5.1026544e-03
   1.0484089e-03   1.0502668e-03  -5.0986757e-03
   1.0384404e-03   1.0562301e-03  -5.0946705e-03
   1.0284797e-03   1.0621595e-03  -5.0906392e-03
   1.0185272e-03   1.0680551e-03  -5.0865823e-03
   1.0085833e-03   1.0739169e-03  -5.0825002e-03
   9.9864859e-04   1.0797449e-03  -5.0783934e-03
   9.8872335e-04   1.0855390e-03  -5.0742623e-03
   9.7880803e-04   1.0912993e-03  -5.0701074e-03
   9.6890305e-04   1.0970259e-03  -5.0659289e-03
   9.5900882e-04   1.1027187e-03  -5.0617275e-03
   9.4912575e-04   1.1083777e-03  -5.0575035e-03
   9.3925422e-04   1.1140030e-03  -5.0532572e-03
   9.2939465e-04   1.1195946e-03  -5.0489893e-03
   9.1954740e-04   1.1251525e-03  -5.0446999e-03
   9.0971289e-04   1.1306768e-03  -5.0403897e-03
   8.9989147e-04   1.1361674e-03  -5.0360589e-03
   8.9008354e-04   1.1416244e-03  -5.0317080e-03
   8.8028945e-04   1.1470479e-03  -5.0273373e-03
   8.7050959e-04   1.1524378e-03  -5.0229474e-03
   8.6074430e-04   1.1577941e-03  -5.0185384e-03
   8.5099395e-04   1.1631170e-03  -5.0141110e-03
   8.4125889e-04   1.1684065e-03  -5.0096654e-03
   8.3153947e-04   1.1736625e-03  -5.0052020e-03
   8.2183603e-04   1.1788852e-03  -5.0007213e-03
   8.1214892e-04   1.1840746e-03  -4.9962235e-03
   8.0247846e-04   1.1892306e-03  -4.9917091e-03
   7.9282498e-04   1.1943534e-03  -4.9871784e-03
   7.8318881e-04   1.1994430e-03  -4.9826318e-03
   7.7357027e-04   1.2044995e-03  -4.9780697e-03
   7.6396968e-04   1.2095228e-03  -4.9734925e-03
   7.5438734e-04   1.2145130e-03  -4.9689004e-03
   7.4482357e-04   1.2194703e-03  -4.9642938e-03
   7.3527866e-04   1.2243945e-03  -4.9596732e-03
   7.2575291e-04   1.2292859e-03  -4.9550388e-03
   7.1624662e-04   1.2341443e-03  -4.9503909e-03
   7.0676008e-04   1.2389700e-03  -4.9457300e-03
   6.9729356e-04   1.2437628e-03  -4.9410564e-03
   6.8784735e-04   1.2485230e-03  -4.9363704e-03
   6.7842172e-04   1.2532505e-03  -4.9316723e-03
   6.6901695e-04   1.2579455e-03  -4.9269624e-03
   6.5963329e-04   1.2626078e-03  -4.9222411e-03
   6.5027102e-04   1.2672377e-03  -4.9175087e-03
   6.4093038e-04   1.2718352e-03  -4.9127656e-03
   6.3161164e-04   1.2764003e-03  -4.9080119e-03
   6.2231504e-04   1.2809331e-03  -4.9032482e-03
   6.1304083e-04   1.2854337e-03  -4.8984745e-03
   6.0378924e-04   1.2899021e-03  -4.8936913e-03
   5.9456052e-04   1.2943383e-03  -4.8888989e-03
   5.8535489e-04   1.2987426e-03  -4.8840975e-03
   5.7617258e-04   1.3031148e-03  -4.8792874e-03
   5.6701381e-04   1.3074551e-03  -4.8744690e-03
   5.5787882e-04   1.3117636e-03  -4.8696424e-03
   5.4876780e-04   1.3160403e-03  -4.8648081e-03
   5.3968098e-04   1.3202853e-03  -4.8599663e-03
   5.3061855e-04   1.3244986e-03  -4.8551172e-03
   5.2158073e-04   1.3286804e-03  -4.8502611e-03
   5.1256771e-04   1.3328307e-03  -4.8453984e-03
   5.0357969e-04   1.3369495e-03  -4.8405292e-03
   4.9461685e-04   1.3410369e-03  -4.8356538e-03
   4.8567940e-04   1.3450931e-03  -4.8307725e-03
   4.7676750e-04   1.3491180e-03  -4.8258855e-03
   4.6788135e-04   1.3531118e-03  -4.8209932e-03
   4.5902111e-04   1.3570746e-03  -4.8160957e-03
   4.5018696e-04   1.3610063e-03  -4.8111932e-03
   4.4137906e-04   1.3649071e-03  -4.8062861e-03
   4.3259759e-04   1.3687770e-03  -4.8013746e-03
   4.2384271e-04   1.3726162e-03  -4.7964589e-03
   4.1511456e-04   1.3764247e-03  -4.7915393e-03
   4.0641331e-04   1.3802026e-03  -4.7866159e-03
   3.9773911e-04   1.3839499e-03  -4.7816890e-03
   3.8909210e-04   1.3876668e-03  -4.7767589e-03
   3.8047242e-04   1.3913532e-03  -4.7718257e-03
   3.7188023e-04   1.3950094e-03  -4.7668896e-03
   3.6331564e-04   1.3986353e-03  -4.7619510e-03
   3.5477880e-04   1.4022311e-03  -4.7570099e-03
   3.4626984e-04   1.4057968e-03  -4.7520666e-03
   3.3778888e-04   1.4093325e-03  -4.7471214e-03
   3.2933605e-04   1.4128383e-03  -4.7421744e-03
   3.2091146e-04   1.4163143e-03  -4.7372257e-03
   3.1251524e-04   1.4197605e-03  -4.7322757e-03
   3.0414749e-04   1.4231770e-03  -4.7273245e-03
   2.9580833e-04   1.4265639e-03  -4.7223723e-03
   2.8749786e-04   1.4299214e-03  -4.7174192e-03
   2.7921619e-04   1.4332494e-03  -4.7124655e-03
   2.7096342e-04   1.4365480e-03  -4.7075114e-03
   2.6273965e-04   1.4398174e-03  -4.7025570e-03
   2.5454497e-04   1.4430576e-03  -4.6976025e-03
   2.4637947e-04   1.4462686e-03  -4.6926481e-03
   2.3824325e-04   1.4494507e-03  -4.6876940e-03
   2.3013639e-04   1.4526038e-03  -4.6827402e-03
   2.2205897e-04   1.4557281e-03  -4.6777871e-03
   2.1401108e-04   1.4588236e-03  -4.6728346e-03
   2.0599279e-04   1.4618904e-03  -4.6678831e-03
   1.9800418e-04   1.4649285e-03  -4.6629327e-03
   1.9004532e-04   1.4679382e-03  -4.6579835e-03
   1.8211628e-04   1.4709194e-03  -4.6530356e-03
   1.7421713e-04   1.4738722e-03  -4.6480893e-03
   1.6634793e-04   1.4767968e-03  -4.6431447e-03
   1.5850874e-04   1.4796931e-03  -4.6382018e-03
   1.5069962e-04   1.4825613e-03  -4.6332610e-03
   1.4292064e-04   1.4854015e-03  -4.6283222e-03
   1.3517184e-04   1.4882138e-03  -4.6233856e-03
   1.2745328e-04   1.4909982e-03  -4.6184514e-03
   1.1976500e-04   1.4937548e-03  -4.6135198e-03
   1.1210706e-04   1.4964836e-03  -4.6085907e-03
   1.0447950e-04   1.4991849e-03  -4.6036644e-03
   9.6882357e-05   1.5018586e-03  -4.5987410e-03
   8.9315677e-05   1.5045049e-03  -4.5938206e-03
   8.1779495e-05   1.5071238e-03  -4.5889033e-03
   7.4273849e-05   1.5097154e-03  -4.5839892e-03
   6.6798772e-05   1.5122798e-03  -4.5790785e-03
   5.9354294e-05   1.5148170e-03  -4.5741713e-03
   5.1940447e-05   1.5173272e-03  -4.5692677e-03
   4.4557256e-05   1.5198105e-03  -4.5643677e-03
   3.7204747e-05   1.5222668e-03  -4.5594716e-03
   2.9882944e-05   1.5246964e-03  -4.5545793e-03
   2.2591866e-05   1.5270992e-03  -4.5496911e-03
   1.5331535e-05   1.5294754e-03  -4.5448070e-03
   8.1019653e-06   1.5318251e-03  -4.5399270e-03
   9.0317405e-07   1.5341482e-03  -4.5350514e-03
  -6.2648258e-06   1.5364450e-03  -4.5301801e-03
  -1.3402023e-05   1.5387154e-03  -4.5253134e-03
  -2.0508407e-05   1.5409596e-03  -4.5204512e-03
  -2.7583971e-05   1.5431777e-03  -4.5155937e-03
  -3.4628708e-05   1.5453696e-03  -4.5107409e-03
  -4.1642613e-05   1.5475356e-03  -4.5058930e-03
  -4.8625685e-05   1.5496756e-03  -4.5010499e-03
  -5.5577922e-05   1.5517898e-03  -4.4962119e-03
  -6.2499324e-05   1.5538783e-03  -4.4913789e-03
  -6.9389894e-05   1.5559410e-03  -4.4865511e-03
  -7.6249636e-05   1.5579782e-03  -4.4817285e-03
  -8.3078555e-05   1.5599898e-03  -4.4769113e-03
  -8.9876658e-05   1.5619760e-03  -4.4720993e-03
  -9.6643954e-05   1.5639368e-03  -4.4672928e-03
  -1.0338045e-04   1.5658723e-03  -4.4624919e-03
  -1.1008616e-04   1.5677826e-03  -4.4576964e-03
  -1.1676110e-04   1.5696678e-03  -4.4529067e-03
  -1.2340528e-04   1.5715279e-03  -4.4481226e-03
  -1.3001872e-04   1.5733630e-03  -4.4433442e-03
  -1.3660143e-04   1.5751731e-03  -4.4385717e-03
  -1.4315344e-04   1.5769585e-03  -4.4338051e-03
  -1.4967475e-04   1.5787191e-03  -4.4290443e-03
  -1.5616540e-04   1.5804550e-03  -4.4242896e-03
  -1.6262541e-04   1.5821663e-03  -4.4195409e-03
  -1.6905479e-04   1.5838531e-03  -4.4147983e-03
  -1.7545358e-04   1.5855154e-03  -4.4100618e-03
  -1.8182180e-04   1.5871533e-03  -4.4053315e-03
  -1.8815947e-04   1.5887669e-03  -4.4006074e-03
  -1.9446663e-04   1.5903562e-03  -4.3958896e-03
  -2.0074331e-04   1.5919214e-03  -4.3911781e-03
  -2.0698953e-04   1.5934625e-03  -4.3864730e-03
  -2.1320532e-04   1.5949795e-03  -4.3817742e-03
  -2.1939073e-04   1.5964726e-03  -4.3770819e-03
  -2.2554578e-04   1.5979419e-03  -4.3723961e-03
  -2.3167050e-04   1.5993873e-03  -4.3677168e-03
  -2.3776494e-04   1.6008089e-03  -4.3630440e-03
  -2.4382914e-04   1.6022069e-03  -4.3583778e-03
  -2.4986312e-04   1.6035813e-03  -4.3537182e-03
  -2.5586692e-04   1.6049322e-03  -4.3490653e-03
  -2.6184059e-04   1.6062596e-03  -4.3444190e-03
  -2.6778417e-04   1.6075636e-03  -4.3397794e-03
  -2.7369770e-04   1.6088443e-03  -4.3351466e-03
  -2.7958122e-04   1.6101017e-03  -4.3305205e-03
  -2.8543477e-04   1.6113360e-03  -4.3259012e-03
  -2.9125839e-04   1.6125471e-03  -4.3212887e-03
  -2.9705214e-04   1.6137351e-03  -4.3166830e-03
  -3.0281606e-04   1.6149002e-03  -4.3120842e-03
  -3.0855019e-04   1.6160424e-03  -4.3074922e-03
  -3.1425458e-04   1.6171617e-03  -4.3029071e-03
  -3.1992928e-04   1.6182582e-03  -4.2983289e-03
  -3.2557433e-04   1.6193320e-03  -4.2937576e-03
  -3.3118979e-04   1.6203831e-03  -4.2891933e-03
  -3.3677570e-04   1.6214116e-03  -4.2846359e-03
  -3.4233212e-04   1.6224176e-03  -4.2800855e-03
  -3.4785910e-04   1.6234011e-03  -4.2755420e-03
  -3.5335668e-04   1.6243622e-03  -4.2710055e-03
  -3.5882493e-04   1.6253010e-03  -4.2664761e-03
  -3.6426388e-04   1.6262175e-03  -4.2619536e-03
  -3.6967361e-04   1.6271118e-03  -4.2574381e-03
  -3.7505415e-04   1.6279839e-03  -4.2529297e-03
  -3.8040557e-04   1.6288339e-03  -4.2484283e-03
  -3.8572793e-04   1.6296619e-03  -4.2439339e-03
  -3.9102126e-04   1.6304679e-03  -4.2394466e-03
  -3.9628564e-04   1.6312520e-03  -4.2349663e-03
  -4.0152112e-04   1.6320142e-03  -4.2304931e-03
  -4.0672776e-04   1.6327546e-03  -4.2260269e-03
  -4.1190560e-04   1.6334733e-03  -4.2215677e-03
  -4.1705472e-04   1.6341703e-03  -4.2171156e-03
  -4.2217517e-04   1.6348457e-03  -4.2126705e-03
  -4.2726701e-04   1.6354995e-03  -4.2082325e-03
  -4.3233029e-04   1.6361318e-03  -4.2038016e-03
  -4.3736509e-04   1.6367427e-03  -4.1993776e-03
  -4.4237145e-04   1.6373322e-03  -4.1949607e-03
  -4.4734944e-04   1.6379003e-03  -4.1905509e-03
  -4.5229911e-04   1.6384472e-03  -4.1861480e-03
  -4.5722054e-04   1.6389728e-03  -4.1817522e-03
  -4.6211378e-04   1.6394772e-03  -4.1773634e-03
  -4.6697889e-04   1.6399605e-03  -4.1729816e-03
  -4.7181594e-04   1.6404228e-03  -4.1686068e-03
  -4.7662498e-04   1.6408640e-03  -4.1642390e-03
  -4.8140609e-04   1.6412843e-03  -4.1598782e-03
  -4.8615931e-04   1.6416837e-03  -4.1555244e-03
  -4.9088473e-04   1.6420622e-03  -4.1511775e-03
  -4.9558239e-04   1.6424199e-03  -4.1468375e-03
  -5.0025237e-04   1.6427568e-03  -4.1425045e-03
  -5.0489472e-04   1.6430731e-03  -4.1381784e-03
  -5.0950951e-04   1.6433687e-03  -4.1338592e-03
  -5.1409681e-04   1.6436437e-03  -4.1295469e-03
  -5.1865668e-04   1.6438982e-03  -4.1252415e-03
  -5.2318918e-04   1.6441321e-03  -4.1209429e-03
  -5.2769438e-04   1.6443456e-03  -4.1166512e-03
  -5.3217235e-04   1.6445387e-03  -4.1123664e-03
  -5.3662315e-04   1.6447114e-03  -4.1080883e-03
  -5.4104684e-04   1.6448639e-03  -4.1038170e-03
  -5.4544349e-04   1.6449960e-03  -4.0995525e-03
  -5.4981316e-04   1.6451080e-03  -4.0952948e-03
  -5.5415593e-04   1.6451998e-03  -4.0910438e-03
  -5.5847186e-04   1.6452714e-03  -4.0867996e-03
  -5.6276101e-04   1.6453230e-03  -4.0825620e-03
  -5.6702345e-04   1.6453546e-03  -4.0783311e-03
  -5.7125924e-04   1.6453661e-03  -4.0741069e-03
  -5.7546846e-04   1.6453578e-03  -4.0698893e-03
  -5.7965117e-04   1.6453295e-03  -4.0656783e-03
  -5.8380743e-04   1.6452814e-03  -4.0614739e-03
  -5.8793731e-04   1.6452134e-03  -4.0572761e-03
  -5.9204087e-04   1.6451257e-03  -4.0530849e-03
  -5.9611820e-04   1.6450183e-03  -4.0489001e-03
  -6.0016934e-04   1.6448912e-03  -4.0447219e-03
  -6.0419437e-04   1.6447445e-03  -4.0405501e-03
  -6.0819335e-04   1.6445781e-03  -4.0363848e-03
  -6.1216636e-04   1.6443922e-03  -4.0322259e-03
  -6.1611345e-04   1.6441868e-03  -4.0280733e-03
  -6.2003469e-04   1.6439619e-03  -4.0239272e-03
  -6.2393016e-04   1.6437176e-03  -4.0197874e-03
  -6.2779991e-04   1.6434538e-03  -4.0156539e-03
  -6.3164401e-04   1.6431707e-03  -4.0115267e-03
  -6.3546254e-04   1.6428683e-03  -4.0074058e-03
  -6.3925555e-04   1.6425466e-03  -4.0032911e-03
  -6.4302311e-04   1.6422057e-03  -3.9991826e-03
  -6.4676530e-04   1.6418456e-03  -3.9950803e-03
  -6.5048217e-04   1.6414663e-03  -3.9909841e-03
  -6.5417379e-04   1.6410678e-03  -3.9868940e-03
  -6.5784023e-04   1.6406503e-03  -3.9828101e-03
  -6.6148156e-04   1.6402137e-03  -3.9787321e-03
  -6.6509784e-04   1.6397581e-03  -3.9746602e-03
  -6.6868913e-04   1.6392835e-03  -3.9705944e-03
  -6.7225551e-04   1.6387899e-03  -3.9665344e-03
  -6.7579704e-04   1.6382775e-03  -3.9624804e-03
  -6.7931378e-04   1.6377461e-03  -3.9584323e-03
  -6.8280581e-04   1.6371959e-03  -3.9543901e-03
  -6.8627318e-04   1.6366269e-03  -3.9503537e-03
  -6.8971596e-04   1.6360391e-03  -3.9463232e-03
  -6.9313423e-04   1.6354326e-03  -3.9422984e-03
  -6.9652803e-04   1.6348073e-03  -3.9382793e-03
  -6.9989745e-04   1.6341634e-03  -3.9342660e-03
  -7.0324253e-04   1.6335008e-03  -3.9302583e-03
  -7.0656336e-04   1.6328196e-03  -3.9262563e-03
  -7.0985999e-04   1.6321198e-03  -3.9222598e-03
  -7.1313249e-04   1.6314015e-03  -3.9182690e-03
  -7.1638093e-04   1.6306646e-03  -3.9142837e-03
  -7.1960536e-04   1.6299092e-03  -3.9103039e-03
  -7.2280585e-04   1.6291354e-03  -3.9063296e-03
  -7.2598247e-04   1.6283431e-03  -3.9023607e-03
  -7.2913528e-04   1.6275325e-03  -3.8983972e-03
  -7.3226435e-04   1.6267034e-03  -3.8944391e-03
  -7.3536973e-04   1.6258560e-03  -3.8904863e-03
  -7.3845150e-04   1.6249903e-03  -3.8865388e-03
  -7.4150971e-04   1.6241063e-03  -3.8825966e-03
  -7.4454444e-04   1.6232040e-03  -3.8786596e-03
  -7.4755573e-04   1.6222835e-03  -3.8747278e-03
  -7.5054366e-04   1.6213448e-03  -3.8708012e-03
  -7.5350829e-04   1.6203879e-03  -3.8668796e-03
  -7.5644968e-04   1.6194129e-03  -3.8629632e-03
  -7.5936789e-04   1.6184197e-03  -3.8590518e-03
  -7.6226299e-04   1.6174084e-03  -3.8551454e-03
  -7.6513504e-04   1.6163790e-03  -3.8512440e-03
  -7.6798410e-04   1.6153316e-03  -3.8473475e-03
  -7.7081023e-04   1.6142662e-03  -3.8434560e-03
  -7.7361349e-04   1.6131828e-03  -3.8395693e-03
  -7.7639395e-04   1.6120813e-03  -3.8356874e-03
  -7.7915167e-04   1.6109620e-03  -3.8318103e-03
  -7.8188670e-04   1.6098247e-03  -3.8279380e-03
  -7.8459912e-04   1.6086695e-03  -3.8240703e-03
  -7.8728897e-04   1.6074964e-03  -3.8202074e-03
  -7.8995632e-04   1.6063054e-03  -3.8163491e-03
  -7.9260123e-04   1.6050967e-03  -3.8124954e-03
  -7.9522377e-04   1.6038701e-03  -3.8086463e-03
  -7.9782398e-04   1.6026257e-03  -3.8048017e-03
  -8.0040193e-04   1.6013635e-03  -3.8009616e-03
  -8.0295769e-04   1.6000836e-03  -3.7971260e-03
  -8.0549130e-04   1.5987860e-03  -3.7932947e-03
  -8.0800283e-04   1.5974707e-03  -3.7894679e-03
  -8.1049234e-04   1.5961377e-03  -3.7856454e-03
  -8.1295988e-04   1.5947870e-03  -3.7818271e-03
  -8.1540552e-04   1.5934187e-03  -3.7780132e-03
  -8.1782932e-04   1.5920328e-03  -3.7742035e-03
  -8.2023132e-04   1.5906293e-03  -3.7703979e-03
  -8.2261159e-04   1.5892081e-03  -3.7665966e-03
  -8.2497019e-04   1.5877695e-03  -3.7627993e-03
  -8.2730717e-04   1.5863133e-03  -3.7590061e-03
  -8.2962260e-04   1.5848395e-03  -3.7552169e-03
  -8.3191652e-04   1.5833483e-03  -3.7514318e-03
  -8.3418900e-04   1.5818396e-03  -3.7476506e-03
  -8.3644009e-04   1.5803134e-03  -3.7438733e-03
  -8.3866985e-04   1.5787697e-03  -3.7400999e-03
  -8.4087834e-04   1.5772087e-03  -3.7363303e-03
  -8.4306560e-04   1.5756302e-03  -3.7325646e-03
  -8.4523171e-04   1.5740343e-03  -3.7288026e-03
  -8.4737670e-04   1.5724210e-03  -3.7250443e-03
  -8.4950064e-04   1.5707904e-03  -3.7212898e-03
  -8.5160359e-04   1.5691425e-03  -3.7175389e-03
  -8.5368560e-04   1.5674772e-03  -3.7137916e-03
  -8.5574671e-04   1.5657946e-03  -3.7100479e-03
  -8.5778700e-04   1.5640947e-03  -3.7063077e-03
  -8.5980650e-04   1.5623775e-03  -3.7025710e-03
  -8.6180529e-04   1.5606431e-03  -3.6988378e-03
  -8.6378340e-04   1.5588914e-03  -3.6951080e-03
  -8.6574089e-04   1.5571225e-03  -3.6913816e-03
  -8.6767782e-04   1.5553364e-03  -3.6876585e-03
  -8.6959425e-04   1.5535330e-03  -3.6839388e-03
  -8.7149021e-04   1.5517125e-03  -3.6802223e-03
  -8.7336577e-04   1.5498749e-03  -3.6765091e-03
  -8.7522098e-04   1.5480200e-03  -3.6727990e-03
  -8.7705590e-04   1.5461481e-03  -3.6690922e-03
  -8.7887056e-04   1.5442590e-03  -3.6653884e-03
  -8.8066503e-04   1.5423528e-03  -3.6616877e-03
  -8.8243936e-04   1.5404294e-03  -3.6579901e-03
  -8.8419359e-04   1.5384891e-03  -3.6542955e-03
  -8.8592779e-04   1.5365316e-03  -3.6506038e-03
  -8.8764199e-04   1.5345571e-03  -3.6469151e-03
  -8.8933626e-04   1.5325655e-03  -3.6432292e-03
  -8.9101065e-04   1.5305569e-03  -3.6395463e-03
  -8.9266519e-04   1.5285313e-03  -3.6358661e-03
  -8.9429995e-04   1.5264887e-03  -3.6321887e-03
  -8.9591497e-04   1.5244291e-03  -3.6285141e-03
  -8.9751031e-04   1.5223525e-03  -3.6248422e-03
  -8.9908601e-04   1.5202590e-03  -3.6211729e-03
  -9.0064212e-04   1.5181485e-03  -3.6175063e-03
  -9.0217869e-04   1.5160210e-03  -3.6138423e-03
  -9.0369578e-04   1.5138766e-03  -3.6101809e-03
  -9.0519343e-04   1.5117154e-03  -3.6065219e-03
  -9.0667168e-04   1.5095372e-03  -3.6028655e-03
  -9.0813059e-04   1.5073421e-03  -3.5992115e-03
  -9.0957021e-04   1.5051301e-03  -3.5955599e-03
  -9.1099058e-04   1.5029013e-03  -3.5919107e-03
  -9.1239176e-04   1.5006556e-03  -3.5882638e-03
  -9.1377378e-04   1.4983931e-03  -3.5846193e-03
  -9.1513670e-04   1.4961137e-03  -3.5809770e-03
  -9.1648057e-04   1.4938175e-03  -3.5773369e-03
  -9.1780542e-04   1.4915045e-03  -3.5736991e-03
  -9.1911131e-04   1.4891747e-03  -3.5700634e-03
  -9.2039829e-04   1.4868281e-03  -3.5664298e-03
  -9.2166640e-04   1.4844647e-03  -3.5627983e-03
  -9.2291569e-04   1.4820846e-03  -3.5591689e-03
  -9.2414620e-04   1.4796877e-03  -3.5555415e-03
  -9.2535799e-04   1.4772740e-03  -3.5519160e-03
  -9.2655109e-04   1.4748436e-03  -3.5482926e-03
  -9.2772555e-04   1.4723965e-03  -3.5446710e-03
  -9.2888141e-04   1.4699327e-03  -3.5410513e-03
  -9.3001873e-04   1.4674522e-03  -3.5374335e-03
  -9.3113755e-04   1.4649550e-03  -3.5338174e-03
  -9.3223791e-04   1.4624411e-03  -3.5302032e-03
  -9.3331986e-04   1.4599105e-03  -3.5265906e-03
  -9.3438343e-04   1.4573633e-03  -3.5229798e-03
  -9.3542869e-04   1.4547994e-03  -3.5193707e-03
  -9.3645566e-04   1.4522189e-03  -3.5157632e-03
  -9.3746440e-04   1.4496217e-03  -3.5121573e-03
  -9.3845495e-04   1.4470079e-03  -3.5085530e-03
  -9.3942735e-04   1.4443775e-03  -3.5049502e-03
  -9.4038164e-04   1.4417305e-03  -3.5013489e-03
  -9.4131788e-04   1.4390669e-03  -3.4977491e-03
  -9.4223609e-04   1.4363868e-03  -3.4941507e-03
  -9.4313633e-04   1.4336900e-03  -3.4905537e-03
  -9.4401864e-04   1.4309768e-03  -3.4869581e-03
  -9.4488306e-04   1.4282469e-03  -3.4833638e-03
  -9.4572964e-04   1.4255005e-03  -3.4797709e-03
  -9.4655841e-04   1.4227376e-03  -3.4761792e-03
  -9.4736942e-04   1.4199582e-03  -3.4725888e-03
  -9.4816271e-04   1.4171622e-03  -3.4689995e-03
  -9.4893832e-04   1.4143498e-03  -3.4654115e-03
  -9.4969629e-04   1.4115208e-03  -3.4618246e-03
  -9.5043668e-04   1.4086754e-03  -3.4582388e-03
  -9.5115951e-04   1.4058135e-03  -3.4546540e-03
  -9.5186482e-04   1.4029352e-03  -3.4510704e-03
  -9.5255267e-04   1.4000404e-03  -3.4474877e-03
  -9.5322310e-04   1.3971292e-03  -3.4439061e-03
  -9.5387613e-04   1.3942015e-03  -3.4403254e-03
  -9.5451182e-04   1.3912574e-03  -3.4367456e-03
  -9.5513020e-04   1.3882970e-03  -3.4331668e-03
  -9.5573132e-04   1.3853201e-03  -3.4295888e-03
  -9.5631521e-04   1.3823268e-03  -3.4260116e-03
  -9.5688192e-04   1.3793172e-03  -3.4224353e-03
  -9.5743148e-04   1.3762912e-03  -3.4188597e-03
  -9.5796394e-04   1.3732488e-03  -3.4152849e-03
  -9.5847934e-04   1.3701901e-03  -3.4117108e-03
  -9.5897771e-04   1.3671150e-03  -3.4081373e-03
  -9.5945910e-04   1.3640237e-03  -3.4045646e-03
  -9.5992354e-04   1.3609160e-03  -3.4009925e-03
  -9.6037108e-04   1.3577920e-03  -3.3974209e-03
  -9.6080176e-04   1.3546518e-03  -3.3938500e-03
  -9.6121561e-04   1.3514952e-03  -3.3902796e-03
  -9.6161267e-04   1.3483224e-03  -3.3867097e-03
  -9.6199298e-04   1.3451333e-03  -3.3831404e-03
  -9.6235659e-04   1.3419280e-03  -3.3795714e-03
  -9.6270353e-04   1.3387065e-03  -3.3760030e-03
  -9.6303383e-04   1.3354687e-03  -3.3724349e-03
  -9.6334754e-04   1.3322148e-03  -3.3688672e-03
  -9.6364470e-04   1.3289446e-03  -3.3652999e-03
  -9.6392535e-04   1.3256582e-03  -3.3617329e-03
  -9.6418952e-04   1.3223557e-03  -3.3581662e-03
  -9.6443725e-04   1.3190370e-03  -3.3545998e-03
  -9.6466858e-04   1.3157022e-03  -3.3510336e-03
  -9.6488355e-04   1.3123512e-03  -3.3474677e-03
  -9.6508220e-04   1.3089841e-03  -3.3439019e-03
  -9.6526456e-04   1.3056009e-03  -3.3403364e-03
  -9.6543067e-04   1.3022016e-03  -3.3367709e-03
  -9.6558057e-04   1.2987862e-03  -3.3332056e-03
  -9.6571431e-04   1.2953548e-03  -3.3296405e-03
  -9.6583191e-04   1.2919072e-03  -3.3260753e-03
  -9.6593341e-04   1.2884437e-03  -3.3225103e-03
  -9.6601885e-04   1.2849641e-03  -3.3189452e-03
  -9.6608828e-04   1.2814685e-03  -3.3153802e-03
  -9.6614172e-04   1.2779569e-03  -3.3118152e-03
  -9.6617921e-04   1.2744293e-03  -3.3082501e-03
  -9.6620079e-04   1.2708857e-03  -3.3046849e-03
  -9.6620651e-04   1.2673262e-03  -3.3011197e-03
  -9.6619639e-04   1.2637507e-03  -3.2975543e-03
  -9.6617047e-04   1.2601593e-03  -3.2939888e-03
  -9.6612879e-04   1.2565520e-03  -3.2904232e-03
  -9.6607139e-04   1.2529288e-03  -3.2868574e-03
  -9.6599831e-04   1.2492897e-03  -3.2832914e-03
  -9.6590957e-04   1.2456347e-03  -3.2797251e-03
  -9.6580523e-04   1.2419639e-03  -3.2761587e-03
  -9.6568531e-04   1.2382772e-03  -3.2725919e-03
  -9.6554985e-04   1.2345748e-03  -3.2690249e-03
  -9.6539890e-04   1.2308565e-03  -3.2654576e-03
  -9.6523247e-04   1.2271224e-03  -3.2618900e-03
  -9.6505063e-04   1.2233726e-03  -3.2583220e-03
  -9.6485339e-04   1.2196070e-03  -3.2547536e-03
  -9.6464080e-04   1.2158257e-03  -3.2511849e-03
  -9.6441289e-04   1.2120287e-03  -3.2476158e-03
  -9.6416970e-04   1.2082159e-03  -3.2440462e-03
  -9.6391127e-04   1.2043875e-03  -3.2404762e-03
  -9.6363763e-04   1.2005434e-03  -3.2369058e-03
  -9.6334882e-04   1.1966837e-03  -3.2333349e-03
  -9.6304488e-04   1.1928084e-03  -3.2297635e-03
  -9.6272584e-04   1.1889174e-03  -3.2261916e-03
  -9.6239175e-04   1.1850109e-03  -3.2226191e-03
  -9.6204263e-04   1.1810888e-03  -3.2190461e-03
  -9.6167852e-04   1.1771511e-03  -3.2154726e-03
  -9.6129946e-04   1.1731979e-03  -3.2118985e-03
  -9.6090550e-04   1.1692292e-03  -3.2083237e-03
  -9.6049665e-04   1.1652451e-03  -3.2047484e-03
  -9.6007296e-04   1.1612454e-03  -3.2011725e-03
  -9.5963447e-04   1.1572304e-03  -3.1975959e-03
  -9.5918122e-04   1.1531999e-03  -3.1940186e-03
  -9.5871323e-04   1.1491540e-03  -3.1904407e-03
  -9.5823055e-04   1.1450927e-03  -3.1868621e-03
  -9.5773322e-04   1.1410161e-03  -3.1832828e-03
  -9.5722126e-04   1.1369241e-03  -3.1797028e-03
  -9.5669472e-04   1.1328168e-03  -3.1761221e-03
  -9.5615364e-04   1.1286943e-03  -3.1725406e-03
  -9.5559805e-04   1.1245564e-03  -3.1689584e-03
  -9.5502798e-04   1.1204034e-03  -3.1653754e-03
  -9.5444348e-04   1.1162351e-03  -3.1617916e-03
  -9.5384458e-04   1.1120517e-03  -3.1582071e-03
  -9.5323132e-04   1.1078530e-03  -3.1546217e-03
  -9.5260373e-04   1.1036393e-03  -3.1510355e-03
  -9.5196185e-04   1.0994104e-03  -3.1474486e-03
  -9.5130573e-04   1.0951664e-03  -3.1438607e-03
  -9.5063538e-04   1.0909074e-03  -3.1402720e-03
  -9.4995087e-04   1.0866334e-03  -3.1366825e-03
  -9.4925221e-04   1.0823443e-03  -3.1330921e-03
  -9.4853945e-04   1.0780402e-03  -3.1295008e-03
  -9.4781263e-04   1.0737213e-03  -3.1259086e-03
  -9.4707177e-04   1.0693873e-03  -3.1223156e-03
  -9.4631693e-04   1.0650385e-03  -3.1187216e-03
  -9.4554813e-04   1.0606748e-03  -3.1151267e-03
  -9.4476542e-04   1.0562963e-03  -3.1115309e-03
  -9.4396883e-04   1.0519030e-03  -3.1079341e-03
  -9.4315840e-04   1.0474949e-03  -3.1043365e-03
  -9.4233417e-04   1.0430720e-03  -3.1007378e-03
  -9.4149617e-04   1.0386344e-03  -3.0971383e-03
  -9.4064444e-04   1.0341822e-03  -3.0935377e-03
  -9.3977902e-04   1.0297152e-03  -3.0899362e-03
  -9.3889995e-04   1.0252337e-03  -3.0863337e-03
  -9.3800727e-04   1.0207375e-03  -3.0827303e-03
  -9.3710101e-04   1.0162268e-03  -3.0791258e-03
  -9.3618122e-04   1.0117016e-03  -3.0755204e-03
  -9.3524792e-04   1.0071619e-03  -3.0719140e-03
  -9.3430117e-04   1.0026077e-03  -3.0683066e-03
  -9.3334099e-04   9.9803911e-04  -3.0646981e-03
  -9.3236742e-04   9.9345611e-04  -3.0610887e-03
  -9.3138051e-04   9.8885876e-04  -3.0574782e-03
  -9.3038030e-04   9.8424708e-04  -3.0538668e-03
  -9.2936681e-04   9.7962111e-04  -3.0502543e-03
  -9.2834010e-04   9.7498090e-04  -3.0466408e-03
  -9.2730019e-04   9.7032647e-04  -3.0430263e-03
  -9.2624713e-04   9.6565787e-04  -3.0394107e-03
  -9.2518096e-04   9.6097512e-04  -3.0357942e-03
  -9.2410171e-04   9.5627827e-04  -3.0321766e-03
  -9.2300943e-04   9.5156736e-04  -3.0285579e-03
  -9.2190416e-04   9.4684243e-04  -3.0249383e-03
  -9.2078593e-04   9.4210350e-04  -3.0213176e-03
  -9.1965478e-04   9.3735064e-04  -3.0176959e-03
  -9.1851076e-04   9.3258386e-04  -3.0140731e-03
  -9.1735390e-04   9.2780321e-04  -3.0104493e-03
  -9.1618424e-04   9.2300874e-04  -3.0068245e-03
  -9.1500182e-04   9.1820049e-04  -3.0031987e-03
  -9.1380669e-04   9.1337849e-04  -2.9995718e-03
  -9.1259888e-04   9.0854279e-04  -2.9959439e-03
  -9.1137844e-04   9.0369343e-04  -2.9923150e-03
  -9.1014539e-04   8.9883045e-04  -2.9886851e-03
  -9.0889980e-04   8.9395391e-04  -2.9850541e-03
  -9.0764168e-04   8.8906383e-04  -2.9814221e-03
  -9.0637110e-04   8.8416027e-04  -2.9777892e-03
  -9.0508808e-04   8.7924326e-04  -2.9741552e-03
  -9.0379266e-04   8.7431286e-04  -2.9705202e-03
  -9.0248490e-04   8.6936912e-04  -2.9668842e-03
  -9.0116482e-04   8.6441206e-04  -2.9632472e-03
  -8.9983248e-04   8.5944176e-04  -2.9596093e-03
  -8.9848791e-04   8.5445824e-04  -2.9559703e-03
  -8.9713115e-04   8.4946156e-04  -2.9523304e-03
  -8.9576225e-04   8.4445176e-04  -2.9486895e-03
  -8.9438124e-04   8.3942890e-04  -2.9450477e-03
  -8.9298818e-04   8.3439302e-04  -2.9414048e-03
  -8.9158310e-04   8.2934417e-04  -2.9377611e-03
  -8.9016604e-04   8.2428240e-04  -2.9341164e-03
  -8.8873705e-04   8.1920777e-04  -2.9304707e-03
  -8.8729616e-04   8.1412031e-04  -2.9268242e-03
  -8.8584343e-04   8.0902009e-04  -2.9231767e-03
  -8.8437889e-04   8.0390716e-04  -2.9195283e-03
  -8.8290259e-04   7.9878156e-04  -2.9158790e-03
  -8.8141456e-04   7.9364335e-04  -2.9122288e-03
  -8.7991487e-04   7.8849258e-04  -2.9085777e-03
  -8.7840353e-04   7.8332931e-04  -2.9049258e-03
  -8.7688061e-04   7.7815360e-04  -2.9012730e-03
  -8.7534614e-04   7.7296548e-04  -2.8976193e-03
  -8.7380016e-04   7.6776502e-04  -2.8939649e-03
  -8.7224273e-04   7.6255228e-04  -2.8903096e-03
  -8.7067388e-04   7.5732731e-04  -2.8866534e-03
  -8.6909366e-04   7.5209017e-04  -2.8829965e-03
  -8.6750211e-04   7.4684091e-04  -2.8793388e-03
  -8.6589928e-04   7.4157959e-04  -2.8756803e-03
  -8.6428521e-04   7.3630627e-04  -2.8720211e-03
  -8.6265995e-04   7.3102101e-04  -2.8683611e-03
  -8.6102354e-04   7.2572386e-04  -2.8647003e-03
  -8.5937603e-04   7.2041489e-04  -2.8610389e-03
  -8.5771745e-04   7.1509416e-04  -2.8573767e-03
  -8.5604786e-04   7.0976171e-04  -2.8537138e-03
  -8.5436731e-04   7.0441763e-04  -2.8500503e-03
  -8.5267583e-04   6.9906196e-04  -2.8463861e-03
  -8.5097347e-04   6.9369477e-04  -2.8427213e-03
  -8.4926029e-04   6.8831612e-04  -2.8390558e-03
  -8.4753631e-04   6.8292607e-04  -2.8353898e-03
  -8.4580160e-04   6.7752469e-04  -2.8317231e-03
  -8.4405620e-04   6.7211204e-04  -2.8280558e-03
  -8.4230014e-04   6.6668818e-04  -2.8243880e-03
  -8.4053349e-04   6.6125318e-04  -2.8207197e-03
  -8.3875628e-04   6.5580711e-04  -2.8170508e-03
  -8.3696857e-04   6.5035002e-04  -2.8133814e-03
  -8.3517040e-04   6.4488198e-04  -2.8097116e-03
  -8.3336181e-04   6.3940307e-04  -2.8060413e-03
  -8.3154286e-04   6.3391334e-04  -2.8023705e-03
  -8.2971359e-04   6.2841287e-04  -2.7986993e-03
  -8.2787405e-04   6.2290172e-04  -2.7950277e-03
  -8.2602428e-04   6.1737996e-04  -2.7913557e-03
  -8.2416434e-04   6.1184766e-04  -2.7876833e-03
  -8.2229427e-04   6.0630489e-04  -2.7840106e-03
  -8.2041412e-04   6.0075172e-04  -2.7803376e-03
  -8.1852394e-04   5.9518822e-04  -2.7766643e-03
  -8.1662378e-04   5.8961445e-04  -2.7729907e-03
  -8.1471369e-04   5.8403050e-04  -2.7693168e-03
  -8.1279370e-04   5.7843642e-04  -2.7656427e-03
  -8.1086388e-04   5.7283230e-04  -2.7619684e-03
  -8.0892427e-04   5.6721820e-04  -2.7582939e-03
  -8.0697493e-04   5.6159421e-04  -2.7546193e-03
  -8.0501589e-04   5.5596038e-04  -2.7509445e-03
  -8.0304721e-04   5.5031680e-04  -2.7472696e-03
  -8.0106894e-04   5.4466354e-04  -2.7435946e-03
  -7.9908113e-04   5.3900067e-04  -2.7399195e-03
  -7.9708383e-04   5.3332827e-04  -2.7362444e-03
  -7.9507708e-04   5.2764642e-04  -2.7325693e-03
  -7.9306094e-04   5.2195518e-04  -2.7288942e-03
  -7.9103546e-04   5.1625465e-04  -2.7252192e-03
  -7.8900069e-04   5.1054488e-04  -2.7215442e-03
  -7.8695667e-04   5.0482597e-04  -2.7178693e-03
  -7.8490347e-04   4.9909799e-04  -2.7141945e-03
  -7.8284112e-04   4.9336101e-04  -2.7105199e-03
  -7.8076969e-04   4.8761512e-04  -2.7068454e-03
  -7.7868921e-04   4.8186039e-04  -2.7031712e-03
  -7.7659975e-04   4.7609691e-04  -2.6994972e-03
  -7.7450135e-04   4.7032475e-04  -2.6958234e-03
  -7.7239407e-04   4.6454399e-04  -2.6921499e-03
  -7.7027795e-04   4.5875472e-04  -2.6884768e-03
  -7.6815304e-04   4.5295701e-04  -2.6848040e-03
  -7.6601941e-04   4.4715094e-04  -2.6811315e-03
  -7.6387710e-04   4.4133661e-04  -2.6774595e-03
  -7.6172616e-04   4.3551409e-04  -2.6737879e-03
  -7.5956664e-04   4.2968345e-04  -2.6701168e-03
  -7.5739860e-04   4.2384480e-04  -2.6664462e-03
  -7.5522209e-04   4.1799820e-04  -2.6627761e-03
  -7.5303716e-04   4.1214375e-04  -2.6591066e-03
  -7.5084386e-04   4.0628152e-04  -2.6554377e-03
  -7.4864225e-04   4.0041161e-04  -2.6517694e-03
  -7.4643238e-04   3.9453409e-04  -2.6481017e-03
  -7.4421430e-04   3.8864905e-04  -2.6444348e-03
  -7.4198806e-04   3.8275658e-04  -2.6407685e-03
  -7.3975371e-04   3.7685676e-04  -2.6371031e-03
  -7.3751132e-04   3.7094969e-04  -2.6334384e-03
  -7.3526093e-04   3.6503544e-04  -2.6297745e-03
  -7.3300260e-04   3.5911410e-04  -2.6261115e-03
  -7.3073637e-04   3.5318576e-04  -2.6224494e-03
  -7.2846231e-04   3.4725051e-04  -2.6187882e-03
  -7.2618046e-04   3.4130844e-04  -2.6151280e-03
  -7.2389088e-04   3.3535963e-04  -2.6114687e-03
  -7.2159363e-04   3.2940417e-04  -2.6078105e-03
  -7.1928875e-04   3.2344216e-04  -2.6041534e-03
  -7.1697630e-04   3.1747368e-04  -2.6004974e-03
  -7.1465633e-04   3.1149882e-04  -2.5968425e-03
  -7.1232891e-04   3.0551767e-04  -2.5931888e-03
  -7.0999408e-04   2.9953032e-04  -2.5895362e-03
  -7.0765189e-04   2.9353687e-04  -2.5858850e-03
  -7.0530240e-04   2.8753740e-04  -2.5822350e-03
  -7.0294567e-04   2.8153200e-04  -2.5785863e-03
  -7.0058175e-04   2.7552077e-04  -2.5749390e-03
  -6.9821069e-04   2.6950379e-04  -2.5712931e-03
  -6.9583255e-04   2.6348117e-04  -2.5676486e-03
  -6.9344738e-04   2.5745298e-04  -2.5640056e-03
  -6.9105523e-04   2.5141934e-04  -2.5603641e-03
  -6.8865617e-04   2.4538031e-04  -2.5567241e-03
  -6.8625025e-04   2.3933601e-04  -2.5530858e-03
  -6.8383751e-04   2.3328652e-04  -2.5494490e-03
  -6.8141802e-04   2.2723194e-04  -2.5458139e-03
  -6.7899183e-04   2.2117236e-04  -2.5421805e-03
  -6.7655900e-04   2.1510788e-04  -2.5385489e-03
  -6.7411957e-04   2.0903858e-04  -2.5349190e-03
  -6.7167361e-04   2.0296457e-04  -2.5312910e-03
  -6.6922117e-04   1.9688593e-04  -2.5276648e-03
  -6.6676231e-04   1.9080277e-04  -2.5240405e-03
  -6.6429707e-04   1.8471518e-04  -2.5204181e-03
  -6.6182552e-04   1.7862325e-04  -2.5167977e-03
  -6.5934771e-04   1.7252708e-04  -2.5131794e-03
  -6.5686369e-04   1.6642677e-04  -2.5095631e-03
  -6.5437352e-04   1.6032240e-04  -2.5059489e-03
  -6.5187726e-04   1.5421409e-04  -2.5023368e-03
  -6.4937496e-04   1.4810192e-04  -2.4987270e-03
  -6.4686667e-04   1.4198598e-04  -2.4951193e-03
  -6.4435246e-04   1.3586639e-04  -2.4915139e-03
  -6.4183236e-04   1.2974323e-04  -2.4879109e-03
  -6.3930645e-04   1.2361660e-04  -2.4843101e-03
  -6.3677478e-04   1.1748659e-04  -2.4807118e-03
  -6.3423739e-04   1.1135332e-04  -2.4771159e-03
  -6.3169435e-04   1.0521686e-04  -2.4735225e-03
